# T-LESS
# Camera: Canon IXUS 950 IS, zoom level = 1

width: 3264
height: 2448

fx: 3630.26229559
fy: 3627.6973661
cx: 1663.14577835
cy: 1187.22160257
