# T-LESS
# Camera: Primesense CARMINE 1.09

width: 1280
height: 1024

fx: 1075.65091572
fy: 1073.90347929
cx: 641.068883438
cy: 507.72159802
