# T-LESS
# Camera: Canon IXUS 950 IS, zoom level = 3

width: 3264
height: 2448

fx: 4781.91740099
fy: 4778.72123643
cx: 1663.66974847
cy: 1149.86220751
